%YAML:1.0
lab_colors: !!opencv-matrix
   rows: 1
   cols: 100
   dt: "3u"
   data: [ 158, 165, 84, 192, 71, 192, 111, 185, 128, 115, 101, 140, 64,
       167, 109, 168, 156, 182, 121, 171, 61, 225, 108, 124, 136, 143,
       111, 198, 75, 161, 153, 133, 133, 87, 130, 118, 54, 140, 108, 179,
       99, 175, 206, 129, 185, 164, 196, 85, 43, 151, 140, 191, 157, 128,
       185, 122, 126, 121, 171, 97, 72, 181, 57, 133, 193, 152, 151, 141,
       169, 218, 119, 205, 128, 204, 61, 98, 154, 165, 224, 85, 139, 87,
       174, 107, 209, 134, 145, 84, 101, 156, 135, 125, 176, 146, 86,
       160, 167, 164, 125, 96, 158, 75, 166, 125, 96, 118, 121, 118, 167,
       90, 141, 156, 181, 143, 168, 128, 176, 94, 193, 41, 220, 70, 202,
       109, 138, 92, 108, 189, 91, 134, 204, 104, 101, 115, 141, 54, 113,
       142, 229, 114, 171, 193, 123, 101, 121, 96, 166, 24, 160, 86, 128,
       188, 180, 225, 90, 174, 64, 166, 160, 140, 172, 126, 17, 136, 125,
       139, 147, 76, 128, 159, 169, 76, 174, 77, 164, 107, 121, 178, 114,
       154, 39, 155, 98, 151, 172, 179, 121, 163, 139, 189, 87, 140, 74,
       133, 151, 207, 103, 141, 218, 64, 176, 104, 122, 166, 165, 76,
       176, 180, 177, 100, 151, 190, 107, 234, 124, 135, 190, 145, 169,
       173, 152, 101, 75, 139, 104, 101, 189, 63, 199, 98, 114, 203, 108,
       165, 178, 140, 140, 79, 114, 128, 154, 114, 154, 184, 127, 195,
       129, 134, 145, 153, 100, 179, 139, 101, 134, 88, 165, 138, 102,
       140, 140, 138, 121, 101, 98, 178, 164, 54, 162, 80, 207, 148, 110,
       64, 164, 140, 141, 197, 77, 202, 101, 192, 233, 96, 204, 101, 154,
       112, 161, 158, 155, 144, 166, 104, 33, 150, 114, 42, 128, 128 ]
n_rgb_bins: [ 16, 16, 16 ]
rgb_to_lab: [ 54, 54, 54, 49, 49, 49, 49, 49, 89, 20, 20, 20, 20, 39, 39,
    39, 54, 54, 54, 98, 60, 49, 49, 89, 89, 20, 20, 20, 20, 39, 39, 39,
    45, 99, 99, 99, 12, 12, 60, 89, 89, 89, 20, 20, 20, 39, 39, 39, 45,
    45, 45, 45, 99, 12, 12, 74, 89, 89, 57, 20, 20, 39, 39, 39, 29, 29,
    45, 79, 79, 79, 74, 74, 74, 33, 33, 33, 33, 75, 39, 39, 29, 29, 29,
    29, 79, 79, 79, 11, 41, 41, 41, 33, 33, 33, 6, 6, 29, 29, 29, 29, 3,
    3, 44, 35, 35, 41, 41, 41, 41, 6, 6, 6, 48, 48, 48, 48, 3, 3, 3, 3,
    35, 35, 87, 41, 55, 55, 55, 55, 48, 48, 48, 48, 48, 3, 84, 84, 84,
    87, 87, 87, 87, 55, 55, 55, 68, 31, 31, 31, 31, 31, 31, 84, 84, 84,
    58, 87, 87, 34, 34, 55, 68, 68, 68, 68, 68, 31, 31, 36, 36, 36, 58,
    58, 58, 34, 34, 34, 68, 68, 68, 68, 68, 68, 68, 36, 36, 36, 36, 58,
    58, 58, 34, 34, 1, 1, 1, 1, 1, 68, 9, 9, 63, 63, 63, 63, 76, 76, 76,
    47, 1, 1, 1, 1, 1, 1, 9, 9, 9, 9, 63, 63, 76, 76, 76, 76, 40, 40, 40,
    40, 66, 66, 66, 66, 66, 9, 9, 26, 26, 26, 76, 76, 40, 40, 40, 40, 40,
    66, 66, 66, 66, 66, 66, 26, 26, 26, 26, 26, 54, 54, 54, 49, 49, 49,
    49, 89, 89, 20, 20, 20, 20, 39, 39, 39, 54, 54, 54, 98, 60, 60, 49,
    89, 89, 20, 20, 20, 20, 39, 39, 39, 45, 99, 99, 99, 12, 12, 60, 89,
    89, 89, 20, 20, 20, 39, 39, 39, 45, 45, 45, 99, 12, 12, 12, 74, 89,
    89, 57, 20, 20, 39, 39, 39, 29, 29, 45, 79, 79, 79, 74, 74, 74, 33,
    33, 33, 33, 75, 39, 39, 29, 29, 29, 29, 79, 79, 11, 11, 41, 41, 41,
    33, 33, 6, 6, 6, 29, 29, 29, 29, 3, 3, 44, 35, 35, 41, 41, 41, 41, 6,
    6, 6, 48, 48, 48, 48, 3, 3, 3, 35, 35, 35, 87, 87, 55, 55, 55, 55,
    48, 48, 48, 48, 48, 3, 84, 84, 84, 87, 87, 87, 87, 55, 55, 55, 68,
    31, 31, 31, 31, 31, 31, 84, 84, 84, 58, 87, 87, 34, 34, 55, 68, 68,
    68, 68, 68, 31, 31, 36, 36, 36, 58, 58, 58, 34, 34, 34, 68, 68, 68,
    68, 68, 68, 68, 36, 36, 36, 36, 58, 58, 58, 34, 34, 1, 1, 1, 1, 1,
    68, 9, 9, 63, 63, 63, 63, 76, 76, 76, 47, 1, 1, 1, 1, 1, 1, 9, 9, 9,
    9, 63, 63, 76, 76, 76, 76, 40, 40, 40, 1, 66, 66, 66, 66, 9, 9, 9,
    26, 26, 26, 76, 76, 40, 40, 40, 40, 40, 66, 66, 66, 66, 66, 66, 26,
    26, 26, 26, 26, 54, 54, 98, 98, 49, 49, 49, 89, 89, 20, 20, 20, 20,
    39, 39, 39, 54, 54, 54, 98, 60, 60, 89, 89, 89, 20, 20, 20, 20, 39,
    39, 39, 45, 99, 99, 99, 12, 12, 60, 89, 89, 89, 20, 20, 20, 39, 39,
    39, 45, 45, 45, 99, 12, 12, 74, 74, 89, 57, 57, 20, 20, 39, 39, 39,
    29, 29, 45, 79, 79, 79, 74, 74, 74, 33, 33, 33, 33, 75, 39, 39, 29,
    29, 29, 29, 79, 79, 11, 11, 41, 41, 41, 33, 33, 6, 6, 6, 29, 29, 29,
    29, 3, 44, 44, 35, 35, 41, 41, 41, 41, 6, 6, 6, 48, 48, 48, 48, 3, 3,
    3, 35, 35, 35, 87, 41, 55, 55, 55, 55, 48, 48, 48, 48, 48, 3, 84, 84,
    84, 87, 87, 87, 87, 55, 55, 55, 68, 68, 31, 31, 31, 31, 31, 84, 84,
    84, 58, 87, 87, 34, 34, 55, 68, 68, 68, 68, 68, 31, 31, 36, 36, 36,
    58, 58, 58, 34, 34, 34, 68, 68, 68, 68, 68, 68, 68, 36, 36, 36, 36,
    58, 58, 58, 34, 34, 1, 1, 1, 1, 1, 68, 9, 9, 63, 63, 63, 63, 76, 76,
    76, 47, 1, 1, 1, 1, 1, 1, 9, 9, 9, 9, 63, 63, 76, 76, 76, 76, 40, 40,
    40, 40, 66, 66, 66, 66, 66, 9, 9, 26, 26, 26, 76, 76, 40, 40, 40, 40,
    40, 66, 66, 66, 66, 66, 66, 26, 26, 26, 26, 26, 16, 98, 98, 98, 60,
    60, 89, 89, 89, 20, 20, 20, 20, 39, 39, 39, 16, 16, 98, 98, 60, 60,
    89, 89, 89, 20, 20, 20, 20, 39, 39, 39, 16, 99, 99, 99, 12, 12, 89,
    89, 89, 57, 20, 20, 20, 39, 39, 39, 45, 45, 45, 99, 12, 12, 74, 74,
    89, 57, 57, 20, 20, 39, 39, 39, 29, 29, 79, 79, 79, 11, 74, 74, 74,
    33, 33, 33, 33, 75, 39, 39, 29, 29, 29, 44, 79, 79, 11, 11, 41, 41,
    41, 33, 33, 6, 6, 6, 48, 29, 29, 44, 44, 44, 35, 35, 35, 41, 41, 41,
    41, 6, 6, 6, 48, 48, 48, 48, 3, 3, 3, 35, 35, 35, 87, 87, 55, 55, 55,
    55, 48, 48, 48, 48, 48, 84, 84, 84, 84, 87, 87, 87, 87, 55, 55, 55,
    68, 31, 31, 31, 31, 31, 31, 84, 84, 84, 58, 87, 87, 34, 34, 55, 68,
    68, 68, 68, 68, 31, 31, 36, 36, 58, 58, 58, 58, 34, 34, 34, 68, 68,
    68, 68, 68, 68, 68, 36, 36, 36, 36, 58, 58, 58, 34, 47, 1, 1, 1, 1,
    1, 68, 9, 9, 63, 63, 63, 63, 76, 76, 76, 47, 1, 1, 1, 1, 1, 1, 9, 9,
    9, 9, 63, 63, 76, 76, 76, 76, 40, 40, 40, 40, 66, 66, 66, 66, 9, 9,
    9, 26, 26, 26, 76, 76, 40, 40, 40, 40, 40, 66, 66, 66, 66, 66, 66,
    26, 26, 26, 26, 26, 16, 16, 98, 98, 60, 60, 89, 89, 89, 20, 20, 20,
    20, 39, 39, 39, 16, 16, 16, 98, 60, 60, 89, 89, 89, 20, 20, 20, 20,
    39, 39, 39, 16, 16, 16, 12, 12, 12, 4, 89, 89, 57, 20, 20, 20, 39,
    39, 39, 64, 64, 64, 64, 12, 74, 74, 74, 57, 57, 57, 57, 20, 39, 39,
    39, 64, 64, 64, 79, 11, 11, 74, 74, 74, 33, 33, 33, 33, 75, 75, 39,
    29, 29, 29, 44, 44, 11, 11, 11, 41, 41, 41, 33, 33, 6, 6, 6, 48, 67,
    67, 44, 44, 44, 35, 35, 35, 41, 41, 41, 55, 6, 6, 6, 48, 48, 48, 48,
    3, 3, 3, 35, 35, 35, 87, 41, 55, 55, 55, 55, 48, 48, 48, 48, 48, 84,
    84, 84, 84, 87, 87, 87, 87, 55, 55, 55, 83, 83, 31, 31, 31, 31, 31,
    84, 84, 84, 58, 87, 34, 34, 34, 55, 68, 68, 68, 68, 68, 31, 31, 36,
    36, 58, 58, 58, 34, 34, 34, 34, 68, 68, 68, 68, 68, 68, 68, 36, 36,
    36, 36, 58, 58, 47, 47, 47, 1, 1, 1, 1, 1, 68, 9, 9, 63, 63, 63, 63,
    76, 76, 76, 47, 1, 1, 1, 1, 1, 1, 9, 9, 9, 9, 63, 63, 76, 76, 76, 76,
    40, 40, 40, 40, 66, 66, 66, 66, 9, 9, 9, 26, 26, 26, 76, 76, 40, 40,
    40, 40, 40, 66, 66, 66, 66, 66, 66, 26, 26, 26, 26, 26, 16, 16, 16,
    4, 4, 4, 89, 89, 57, 20, 20, 20, 20, 39, 39, 39, 16, 16, 16, 91, 4,
    4, 4, 89, 57, 57, 20, 20, 20, 39, 39, 39, 52, 16, 16, 91, 4, 4, 4,
    89, 57, 57, 57, 20, 20, 39, 39, 39, 64, 64, 64, 64, 74, 74, 74, 74,
    57, 57, 57, 57, 75, 39, 39, 39, 64, 64, 64, 64, 11, 11, 74, 74, 74,
    33, 33, 33, 33, 75, 75, 39, 67, 67, 67, 44, 44, 11, 11, 11, 41, 41,
    41, 33, 33, 6, 6, 6, 67, 67, 67, 44, 44, 44, 35, 35, 35, 41, 41, 41,
    55, 6, 6, 6, 48, 48, 48, 48, 3, 3, 3, 35, 35, 87, 87, 87, 55, 55, 55,
    55, 48, 48, 48, 48, 48, 84, 84, 84, 84, 87, 87, 87, 87, 55, 55, 55,
    83, 83, 83, 31, 31, 31, 84, 84, 84, 58, 58, 87, 34, 34, 34, 55, 68,
    68, 68, 68, 68, 31, 36, 36, 36, 58, 58, 58, 34, 34, 34, 34, 68, 68,
    68, 68, 68, 68, 68, 36, 36, 36, 58, 58, 58, 47, 47, 47, 1, 1, 1, 1,
    1, 9, 9, 9, 63, 63, 63, 63, 76, 76, 76, 47, 1, 1, 1, 1, 1, 1, 9, 9,
    9, 9, 63, 63, 76, 76, 76, 76, 40, 40, 40, 40, 66, 66, 66, 66, 9, 9,
    26, 26, 26, 26, 76, 76, 40, 40, 40, 40, 40, 66, 66, 66, 66, 66, 26,
